This is the Bisection Algorithm.
--------------------------------------------------------------------------------
		a		b		P		f(P)
--------------------------------------------------------------------------------
1		1.0000000000	3.0000000000	2.0000000000	2.0000000000
2		1.0000000000	2.0000000000	1.5000000000	-0.2500000000
3		1.5000000000	2.0000000000	1.7500000000	0.8125000000
4		1.5000000000	1.7500000000	1.6250000000	0.2656250000
5		1.5000000000	1.6250000000	1.5625000000	0.0039062500
6		1.5000000000	1.5625000000	1.5312500000	-0.1240234375
7		1.5312500000	1.5625000000	1.5468750000	-0.0603027344
8		1.5468750000	1.5625000000	1.5546875000	-0.0282592773
9		1.5546875000	1.5625000000	1.5585937500	-0.0121917725
10		1.5585937500	1.5625000000	1.5605468750	-0.0041465759
11		1.5605468750	1.5625000000	1.5615234375	-0.0001211166
12		1.5615234375	1.5625000000	1.5620117188	0.0018923283
13		1.5615234375	1.5620117188	1.5617675781	0.0008855462
14		1.5615234375	1.5617675781	1.5616455078	0.0003821999
15		1.5615234375	1.5616455078	1.5615844727	0.0001305379
--------------------------------------------------------------------------------
Approximate solution P = 1.5615844727
f(P) = 0.0001305378973
Number of iterations = 15
TOL = 0.0001